{
  "al02Deg": -5.0,
  "al1Deg": 2.0,
  "al2Deg": -2.0,
  "b2": 41.599999,
  "be1Deg": 55.433,
  "be3RawDeg": 26.383,
  "d2": 415.800001,
  "din": 240.900001,
  "dvt": 150.600001,
  "r1": 55.7,
  "r2": 62.0,
  "r3": 22.0,
  "r4": 31.0,
  "version": 1,
  "xa": 39.2
}